"Benchmark","Mode","Threads","Samples","Score","Score Error (99.9%)","Unit"
"inf.usi.dag.canneal.CannealPatternBenchmark.noMinSizeCheck","ss",1,20,3.863787,0.041389,"s/op"
