"Benchmark","Mode","Threads","Samples","Score","Score Error (99.9%)","Unit"
"inf.usi.dag.jacobi2d.Jacobi2dBenchmark.autoVec","ss",1,50,5.570129,0.033113,"s/op"
"inf.usi.dag.jacobi2d.Jacobi2dBenchmark.explicitVec","ss",1,50,5.261819,0.032686,"s/op"
"inf.usi.dag.jacobi2d.Jacobi2dBenchmark.fullVec","ss",1,50,5.260262,0.033763,"s/op"
"inf.usi.dag.jacobi2d.Jacobi2dBenchmark.serial","ss",1,50,5.607878,0.031644,"s/op"
